1Kathua
2651
507
615711
0
0
1
0
0
2Jammu
3097
588
1526406
0
0
0
1
1
3Samba
904
585
318611
0
0
1
0
0
4Udhampur
4550
610
555357
0
0
1
0
0
5Reasi
1719
655
314714
0
0
1
0
0
6Rajouri
2630
732
619206
0
0
0
1
1
7Poonch
1674
818
476820
0
0
1
0
0
8Doda
11691
731
409576
0
0
1
0
0
9Ramban
1329
663
283313
0
0
1
0
0
10Kishtwar
1644
755
231037
0
0
1
0
0
11Anantnag
3984
754
1069749
0
0
1
0
0
12Kulgam
1067
753
423181
0
0
1
0
0
13Pulwama
1398
786
423181
0
0
1
0
0
14Shopian
61287
779
265960
0
0
1
0
0
15Budgam
13171
826
755331
0
0
1
0
0
16Srinagar
2228
808
1250173
0
0
1
0
0
17Ganderbal
259
823
297003
0
0
1
0
0
18Bandipora
395
872
385099
0
0
0
1
1
19Baramulla
4558
860
1015503
0
0
0
1
1
20Kupwara
2379
891
875564
0
0
0
1
1
21Kargil
14036
11023
143388
0
0
0
1
1
22Leh
45110
11009
1471040
0
0
0
1
1